1900
170
5 0
2 2
1 4
5 1
1 1000
3000 0
10 10
2 0
100 0
50 0
10 300
2 9
3 15
2 19
6 23
10 300
2 9
3 15
2 19
6 23
10 300
2 9
3 15
2 19
6 2310 300
2 9
3 15
2 19
6 2310 300
2 9
3 15
2 19
6 2310 300
2 9
3 15
2 19
6 2310 300
2 9
3 15
2 19
6 2310 300
2 9
3 15
2 19
6 2310 300
2 9
3 15
2 19
6 2310 300
2 9
3 15
2 19
6 2310 300
2 9
3 15
2 19
6 2310 300
2 9
3 15
2 19
6 2310 300
2 9
3 15
2 19
6 2310 300
2 9
3 15
2 19
6 2310 300
2 9
3 15
2 19
6 2310 300
2 9
3 15
2 19
6 2310 300
2 9
3 15
2 19
6 2310 300
2 9
3 15
2 19
6 2310 300
2 9
3 15
2 19
6 2310 300
2 9
3 15
2 19
6 2310 300
2 9
3 15
2 19
6 2310 300
2 9
3 15
2 19
6 2310 300
2 9
3 15
2 19
6 2310 300
2 9
3 15
2 19
6 2310 300
2 9
3 15
2 19
6 2310 300
2 9
3 15
2 19
6 2310 300
2 9
3 15
2 19
6 2310 300
2 9
3 15
2 19
6 2310 300
2 9
3 15
2 19
6 2310 300
2 9
3 15
2 19
6 2310 300
2 9
3 15
2 19
6 2310 300
2 9
3 15
2 19
6 2310 300
2 9
3 15
2 19
6 2310 300
2 9
3 15
2 19
6 2310 300
2 9
3 15
2 19
6 2310 300
2 9
3 15
2 19
6 2310 300
2 9
3 15
2 19
6 2310 300
2 9
3 15
2 19
6 2310 300
2 9
3 15
1 0
6 23
6 0